100
0 99 100 90 15 23 80 49 97 68 78 46 44 39 31 82 5 61 66 99 15 45 83 35 21 85 99 8 75 35 12 86 74 2 95 71 26 42 58 91 98 59 86 6 47 28 92 9 14 1 42 69 89 96 95 29 72 87 10 17 58 61 50 53 31 40 87 20 37 9 76 46 4 29 9 41 74 28 74 72 89 39 32 71 16 91 43 99 70 28 12 49 1 52 57 38 31 74 36 37
99 0 74 82 46 21 79 22 86 99 36 64 37 69 66 76 16 37 58 82 15 32 55 19 93 57 39 42 39 17 94 97 10 63 13 5 4 12 4 84 92 9 61 22 17 73 58 11 60 29 13 76 40 1 45 71 62 44 87 85 66 52 63 66 99 96 18 21 44 19 74 54 83 69 44 87 76 12 1 72 40 76 52 20 53 22 95 5 21 82 33 77 33 40 98 39 23 67 64 18
100 74 0 61 80 19 78 6 70 55 57 56 31 72 62 71 57 69 49 98 30 73 64 52 59 71 10 1 97 96 90 22 6 7 81 55 61 98 84 92 79 33 54 69 71 53 80 52 4 79 81 13 49 25 95 76 65 16 24 99 92 72 5 64 70 47 74 78 94 19 87 81 99 84 84 92 89 40 39 17 58 42 85 8 87 66 40 32 51 7 58 35 36 86 26 34 83 28 37 52
90 82 61 0 15 51 60 31 85 81 2 78 87 11 38 62 38 40 29 86 62 56 60 81 50 92 22 26 45 21 19 35 59 95 23 15 100 19 14 76 54 78 68 20 14 97 27 60 21 71 38 27 29 31 39 95 4 64 50 33 48 38 13 46 92 94 10 72 14 72 95 36 96 96 66 37 52 63 51 87 63 84 64 72 32 29 47 58 46 71 95 31 47 35 75 16 58 4 46 8
15 46 80 15 0 46 11 64 71 59 95 41 85 22 67 39 27 54 68 58 45 35 75 32 62 40 96 47 5 63 56 22 66 17 14 39 45 47 59 46 45 15 38 41 33 29 17 94 59 10 39 99 63 31 93 9 72 93 81 89 36 28 59 37 5 31 78 17 26 30 51 77 53 11 22 33 14 20 60 3 6 83 44 86 93 37 88 13 88 83 100 19 23 82 100 5 23 25 25 31
23 21 19 51 46 0 54 3 12 92 4 33 14 45 10 77 23 56 3 95 47 89 89 11 18 33 52 50 88 26 79 41 4 63 94 36 57 9 23 60 16 6 99 56 9 97 85 17 10 55 59 1 10 4 47 88 48 83 2 40 98 21 64 51 90 18 41 13 55 62 21 37 47 89 19 75 67 23 27 20 80 2 87 93 67 73 79 89 86 77 35 75 3 6 65 96 12 64 84 81
80 79 78 60 11 54 0 88 66 10 98 17 91 58 30 3 31 77 88 28 59 85 35 91 87 37 80 10 39 89 50 13 77 59 25 51 70 91 92 26 76 34 86 41 40 94 72 94 15 28 14 16 71 49 1 30 90 100 48 57 11 74 31 14 35 16 75 77 90 91 5 24 45 88 58 82 10 64 50 13 5 32 61 46 95 42 19 21 94 25 29 30 100 78 46 14 83 71 9 54
49 22 6 31 64 3 88 0 54 59 33 13 56 44 21 28 29 99 58 76 57 16 100 33 85 45 34 2 30 6 28 55 20 81 2 75 10 81 15 32 40 32 93 20 63 73 69 36 78 93 72 43 66 65 10 43 33 37 4 5 49 17 13 48 6 57 60 98 44 20 22 86 21 4 52 27 63 80 82 74 22 90 1 68 73 39 88 13 1 29 42 20 96 26 63 61 64 57 68 16
97 86 70 85 71 12 66 54 0 56 44 39 31 13 47 91 13 55 10 31 61 53 80 41 83 63 38 73 50 17 84 32 36 22 26 82 89 55 15 53 75 69 25 43 88 12 83 17 61 13 59 9 61 52 11 76 70 5 12 2 67 7 92 52 92 28 26 34 62 71 80 18 9 19 19 31 1 25 51 50 68 22 77 62 77 66 42 77 58 6 73 99 37 73 25 18 22 60 94 42
68 99 55 81 59 92 10 59 56 0 75 20 86 26 87 90 76 14 24 88 99 83 59 9 40 32 76 51 80 3 26 66 97 45 53 70 92 36 44 41 94 60 24 59 69 77 64 78 80 14 63 15 12 7 100 67 67 70 98 89 15 78 3 67 4 41 46 48 85 88 83 62 46 94 91 6 84 26 38 60 29 1 6 13 69 45 63 83 40 32 39 69 53 8 44 58 44 48 83 96
78 36 57 2 95 4 98 33 44 75 0 27 66 11 85 24 46 100 6 65 12 97 60 51 46 1 34 55 56 75 26 22 98 59 21 89 15 95 90 40 27 64 99 62 55 77 22 8 59 93 45 100 75 63 84 99 92 2 34 10 34 40 100 45 23 5 9 90 79 58 13 49 39 2 64 27 28 17 50 42 78 91 20 13 49 11 84 16 80 70 79 64 34 72 37 15 13 1 88 54
46 64 56 78 41 33 17 13 39 20 27 0 77 97 68 25 46 55 76 47 43 61 37 70 2 92 67 32 82 10 64 13 83 78 90 35 84 50 56 24 27 28 81 52 45 28 56 65 93 54 100 9 76 39 49 83 36 56 90 50 92 21 70 94 33 10 95 21 18 70 97 43 68 91 56 1 98 53 20 96 34 85 80 48 93 15 94 81 53 93 13 81 16 92 82 13 31 59 19 66
44 37 31 87 85 14 91 56 31 86 66 77 0 16 50 85 79 6 26 6 82 71 27 33 73 16 30 82 27 5 84 63 31 48 96 90 91 79 42 98 42 40 18 57 40 48 2 80 49 49 82 54 66 39 31 12 31 72 8 90 10 58 5 60 56 71 72 48 7 90 6 47 49 24 31 45 52 30 1 77 53 3 15 96 69 59 7 23 40 13 19 30 51 26 11 69 80 93 20 25
39 69 72 11 22 45 58 44 13 26 11 97 16 0 100 9 46 70 16 40 2 88 37 69 88 72 63 36 42 73 18 1 31 13 90 86 12 7 19 37 28 63 73 10 1 45 12 30 79 78 96 74 91 75 20 14 29 75 69 52 85 6 31 41 100 38 67 91 44 68 68 6 61 23 22 84 94 36 54 91 1 10 57 3 39 16 29 60 15 63 98 97 47 34 74 10 77 2 62 20
31 66 62 38 67 10 30 21 47 87 85 68 50 100 0 63 42 94 87 50 29 57 90 100 91 42 86 16 3 69 33 41 29 51 51 31 58 86 33 27 77 94 83 22 43 86 5 16 20 90 85 49 8 42 52 14 30 43 79 31 84 82 97 38 9 46 34 45 1 89 64 36 97 86 31 38 64 63 12 44 14 60 93 41 18 78 40 31 27 14 99 33 72 43 43 85 34 34 70 24
82 76 71 62 39 77 3 28 91 90 24 25 85 9 63 0 28 20 54 31 66 81 22 3 72 6 82 70 2 18 53 44 65 10 73 14 40 39 13 83 83 25 64 45 8 11 21 33 40 24 23 77 16 46 67 46 79 54 85 1 63 98 100 30 86 55 99 5 17 91 43 2 42 24 50 89 67 7 52 97 68 12 76 63 36 91 94 85 55 19 59 52 98 4 17 57 19 65 3 92
5 16 57 38 27 23 31 29 13 76 46 46 79 46 42 28 0 73 81 29 40 9 80 91 68 83 48 34 100 67 81 50 10 15 2 76 80 78 67 34 68 9 1 100 36 93 84 14 9 98 18 37 78 90 22 5 92 82 34 41 25 90 60 30 83 86 69 36 47 86 40 6 23 75 4 1 61 31 96 8 7 39 54 17 29 19 81 53 40 11 29 9 37 94 92 49 75 77 29 12
61 37 69 40 54 56 77 99 55 14 100 55 6 70 94 20 73 0 63 91 33 22 48 14 66 67 96 39 82 44 94 80 57 78 43 85 68 30 93 27 66 59 48 88 33 62 62 20 58 3 37 54 96 66 97 88 17 2 43 79 99 24 13 76 100 44 17 9 92 27 78 39 96 47 14 93 6 41 87 76 83 82 54 59 50 57 64 59 82 61 80 66 85 42 83 55 28 9 25 81
66 58 49 29 68 3 88 58 10 24 6 76 26 16 87 54 81 63 0 13 66 55 33 11 69 96 76 97 42 45 42 13 31 39 77 60 78 26 60 12 97 40 27 70 98 31 42 99 94 92 59 3 69 13 55 65 67 7 97 19 60 85 70 52 5 39 64 88 64 23 98 73 18 33 69 76 33 81 7 22 1 43 96 91 70 28 8 3 83 62 55 36 72 13 64 35 51 85 95 84
99 82 98 86 58 95 28 76 31 88 65 47 6 40 50 31 29 91 13 0 31 3 18 70 1 87 30 72 21 24 21 48 51 69 15 39 16 55 4 12 95 10 97 80 93 28 47 18 59 73 18 38 9 50 98 100 51 7 45 77 75 47 78 80 45 83 45 6 14 77 79 49 96 87 91 80 91 3 78 7 97 4 74 62 45 22 84 31 30 11 43 5 35 60 63 40 43 65 48 78
15 15 30 62 45 47 59 57 61 99 12 43 82 2 29 66 40 33 66 31 0 83 67 14 13 36 74 96 92 41 43 19 47 57 60 64 20 17 24 23 32 100 62 31 68 95 95 14 56 23 62 35 50 34 71 59 6 62 5 57 88 59 90 60 10 11 68 57 1 52 27 61 71 50 97 90 58 27 90 7 50 81 17 82 39 15 39 36 18 56 34 64 44 81 44 9 24 43 90 85
45 32 73 56 35 89 85 16 53 83 97 61 71 88 57 81 9 22 55 3 83 0 12 56 86 1 71 6 57 99 4 6 88 43 78 97 53 89 17 44 83 83 98 71 58 100 85 82 22 13 57 73 71 76 36 34 28 37 32 16 54 82 93 64 81 17 20 90 3 74 51 75 45 10 48 37 38 77 95 3 30 50 81 41 94 6 54 35 21 50 76 57 68 7 60 41 17 12 54 53
83 55 64 60 75 89 35 100 80 59 60 37 27 37 90 22 80 48 33 18 67 12 0 76 38 98 32 19 27 16 60 93 20 22 89 46 5 51 13 75 18 29 54 11 19 92 85 89 68 62 39 24 62 3 24 89 85 49 30 60 63 12 62 4 14 50 51 84 50 61 47 8 47 63 69 95 80 36 26 58 26 39 97 6 91 78 79 67 41 78 20 15 63 28 21 40 96 61 37 30
35 19 52 81 32 11 91 33 41 9 51 70 33 69 100 3 91 14 11 70 14 56 76 0 98 79 70 59 7 77 77 33 86 11 46 32 39 52 52 44 50 94 50 51 42 3 54 20 29 24 82 62 33 75 56 28 11 88 43 20 72 46 98 73 11 23 21 10 26 68 38 23 12 51 24 9 93 33 77 53 89 82 32 98 29 69 3 46 69 32 83 88 86 70 96 22 76 75 57 6
21 93 59 50 62 18 87 85 83 40 46 2 73 88 91 72 68 66 69 1 13 86 38 98 0 94 70 98 63 44 71 44 80 81 53 38 48 57 98 16 64 59 93 30 27 53 66 47 79 18 23 25 3 97 58 16 63 14 8 56 82 34 69 58 89 81 99 74 62 11 70 48 69 15 14 79 85 73 19 98 71 22 56 19 67 86 87 69 1 48 97 60 99 22 74 15 74 58 38 84
85 57 71 92 40 33 37 45 63 32 1 92 16 72 42 6 83 67 96 87 36 1 98 79 94 0 39 30 69 23 40 23 83 35 24 4 9 26 2 4 19 83 52 82 96 82 55 43 80 39 75 12 91 56 16 98 6 19 60 55 49 38 71 52 73 62 51 32 24 82 7 78 88 37 53 85 60 71 2 10 76 93 94 38 52 35 30 51 32 31 95 62 65 29 24 50 68 63 34 53
99 39 10 22 96 52 80 34 38 76 34 67 30 63 86 82 48 96 76 30 74 71 32 70 70 39 0 82 81 57 15 39 91 5 91 57 25 63 73 94 4 94 99 41 25 97 54 33 36 5 90 43 33 10 26 35 38 26 54 5 15 22 63 29 61 61 37 31 14 71 77 51 47 23 28 78 20 2 78 65 19 6 15 75 13 39 17 27 22 66 16 83 47 88 20 92 32 64 92 7
8 42 1 26 47 50 10 2 73 51 55 32 82 36 16 70 34 39 97 72 96 6 19 59 98 30 82 0 82 41 42 27 29 67 13 25 70 34 73 83 75 39 68 5 53 7 69 74 15 15 96 39 33 77 79 91 38 85 51 87 78 18 95 45 19 88 98 28 58 46 21 25 41 67 80 10 7 22 29 100 78 29 58 89 32 93 90 56 45 15 37 73 9 29 83 14 12 40 54 20
75 39 97 45 5 88 39 30 50 80 56 82 27 42 3 2 100 82 42 21 92 57 27 7 63 69 81 82 0 58 4 15 92 96 42 37 8 33 52 93 43 100 4 58 50 71 11 61 79 59 65 30 75 95 73 76 33 73 57 76 17 51 32 7 66 63 91 43 30 27 37 89 2 32 6 94 32 52 47 81 88 31 12 38 50 67 8 60 53 8 6 34 12 44 17 73 24 86 51 99
35 17 96 21 63 26 89 6 17 3 75 10 5 73 69 18 67 44 45 24 41 99 16 77 44 23 57 41 58 0 23 78 18 42 58 42 4 63 96 30 85 20 23 60 14 95 30 62 52 15 76 44 79 17 54 76 46 24 38 76 50 39 89 53 17 30 63 26 18 6 23 71 91 76 61 10 87 88 40 96 66 3 51 83 91 9 58 57 5 28 93 9 67 51 84 63 79 48 11 65
12 94 90 19 56 79 50 28 84 26 26 64 84 18 33 53 81 94 42 21 43 4 60 77 71 40 15 42 4 23 0 44 29 65 59 41 7 91 24 85 46 35 28 91 45 50 50 6 84 100 56 75 6 10 80 39 48 22 71 89 36 9 1 72 2 91 78 66 87 51 86 5 100 98 14 41 4 35 44 48 78 3 91 78 20 84 89 41 87 11 74 87 56 100 35 81 73 14 16 39
86 97 22 35 22 41 13 55 32 66 22 13 63 1 41 44 50 80 13 48 19 6 93 33 44 23 39 27 15 78 44 0 46 74 6 41 16 63 43 47 6 49 18 13 9 99 25 3 34 22 53 94 65 14 2 97 16 1 51 52 78 34 41 14 9 64 50 58 46 21 12 11 77 28 94 71 21 52 45 37 17 51 58 3 41 78 30 41 32 46 15 88 39 87 38 82 86 13 68 54
74 10 6 59 66 4 77 20 36 97 98 83 31 31 29 65 10 57 31 51 47 88 20 86 80 83 91 29 92 18 29 46 0 66 60 75 56 38 88 78 89 10 22 34 87 89 63 80 91 74 70 88 41 69 91 71 8 14 6 92 50 5 81 52 51 79 83 68 32 48 15 67 58 33 24 91 59 3 35 67 78 30 47 97 2 72 89 85 77 35 70 59 37 91 81 37 94 65 6 96
2 63 7 95 17 63 59 81 22 45 59 78 48 13 51 10 15 78 39 69 57 43 22 11 81 35 5 67 96 42 65 74 66 0 85 53 5 100 77 9 2 51 34 95 52 10 2 15 84 36 46 67 40 11 21 26 50 5 22 26 21 15 5 30 58 61 67 83 1 21 48 38 60 73 12 39 41 23 31 63 45 5 44 45 99 75 45 43 70 52 58 55 9 32 40 53 74 35 4 28
95 13 81 23 14 94 25 2 26 53 21 90 96 90 51 73 2 43 77 15 60 78 89 46 53 24 91 13 42 58 59 6 60 85 0 85 15 8 66 45 83 51 79 36 28 5 42 22 57 75 100 24 34 34 38 37 28 41 27 82 46 56 81 70 90 13 28 15 65 26 92 49 43 53 36 76 96 44 75 33 32 52 15 34 89 55 34 2 35 74 52 62 100 14 20 59 98 48 74 30
71 5 55 15 39 36 51 75 82 70 89 35 90 86 31 14 76 85 60 39 64 97 46 32 38 4 57 25 37 42 41 41 75 53 85 0 91 53 6 72 29 24 92 23 73 72 75 58 13 98 57 22 54 83 4 74 94 2 55 49 22 28 71 11 27 3 97 62 99 97 15 100 2 97 39 48 48 21 97 60 26 51 67 76 85 29 25 9 56 65 80 68 91 11 80 3 28 56 95 76
26 4 61 100 45 57 70 10 89 92 15 84 91 12 58 40 80 68 78 16 20 53 5 39 48 9 25 70 8 4 7 16 56 5 15 91 0 5 82 84 84 90 93 10 37 87 95 97 99 80 1 67 77 78 74 57 29 11 47 27 7 55 85 73 3 88 96 66 68 82 30 79 64 80 33 26 81 57 32 58 51 39 12 52 38 65 29 36 39 82 99 92 19 44 99 72 2 89 8 73
42 12 98 19 47 9 91 81 55 36 95 50 79 7 86 39 78 30 26 55 17 89 51 52 57 26 63 34 33 63 91 63 38 100 8 53 5 0 45 36 60 18 90 64 93 8 10 20 60 93 7 20 26 49 69 40 52 17 99 61 50 74 63 52 60 76 18 4 96 53 2 49 37 86 19 45 12 50 61 22 75 83 71 33 68 11 21 4 79 40 28 86 42 35 9 77 21 80 12 12
58 4 84 14 59 23 92 15 15 44 90 56 42 19 33 13 67 93 60 4 24 17 13 52 98 2 73 73 52 96 24 43 88 77 66 6 82 45 0 10 54 14 52 89 98 43 28 100 4 42 38 40 61 63 50 27 28 30 66 61 1 61 23 65 90 100 19 70 28 25 15 1 75 11 98 12 41 48 6 24 12 97 8 44 55 36 8 16 59 79 57 27 98 21 99 15 51 69 93 10
91 84 92 76 46 60 26 32 53 41 40 24 98 37 27 83 34 27 12 12 23 44 75 44 16 4 94 83 93 30 85 47 78 9 45 72 84 36 10 0 34 17 47 62 1 80 16 4 89 21 56 8 80 47 49 41 76 61 32 44 92 98 32 38 69 17 46 67 16 36 72 44 44 26 44 3 26 87 94 2 50 78 84 5 82 84 23 99 9 22 38 86 8 75 18 70 64 84 28 96
98 92 79 54 45 16 76 40 75 94 27 27 42 28 77 83 68 66 97 95 32 83 18 50 64 19 4 75 43 85 46 6 89 2 83 29 84 60 54 34 0 91 89 39 17 52 66 13 55 68 100 45 74 19 67 88 13 38 37 16 51 16 25 40 54 28 86 58 43 76 95 19 33 74 43 13 22 58 30 55 37 50 98 29 39 25 39 62 7 57 75 88 92 80 15 17 21 78 13 86
59 9 33 78 15 6 34 32 69 60 64 28 40 63 94 25 9 59 40 10 100 83 29 94 59 83 94 39 100 20 35 49 10 51 51 24 90 18 14 17 91 0 1 70 55 16 35 50 92 24 30 83 62 24 65 33 46 62 43 96 96 88 37 69 85 39 43 49 37 6 43 39 20 18 76 87 56 92 73 20 19 94 87 50 6 1 75 20 95 93 77 56 85 74 22 76 53 86 22 63
86 61 54 68 38 99 86 93 25 24 99 81 18 73 83 64 1 48 27 97 62 98 54 50 93 52 99 68 4 23 28 18 22 34 79 92 93 90 52 47 89 1 0 64 41 85 92 25 52 94 50 13 35 74 13 35 80 15 75 30 38 42 88 78 75 79 29 4 51 40 95 51 14 16 3 98 26 1 46 81 85 99 15 24 51 19 10 74 32 95 9 38 77 74 10 25 2 15 19 41
6 22 69 20 41 56 41 20 43 59 62 52 57 10 22 45 100 88 70 80 31 71 11 51 30 82 41 5 58 60 91 13 34 95 36 23 10 64 89 62 39 70 64 0 82 34 79 52 88 43 3 39 81 36 8 84 75 98 68 15 98 28 39 22 96 74 1 54 7 70 47 99 79 84 55 98 64 6 70 77 6 58 85 30 13 98 3 82 93 36 74 18 72 43 38 46 15 29 56 94
47 17 71 14 33 9 40 63 88 69 55 45 40 1 43 8 36 33 98 93 68 58 19 42 27 96 25 53 50 14 45 9 87 52 28 73 37 93 98 1 17 55 41 82 0 13 56 63 77 15 61 49 3 75 67 8 49 26 94 97 12 63 2 87 3 94 94 64 38 19 2 96 2 53 2 16 13 43 54 94 98 65 28 56 14 20 57 72 72 17 71 80 94 46 81 72 52 92 78 7
28 73 53 97 29 97 94 73 12 77 77 28 48 45 86 11 93 62 31 28 95 100 92 3 53 82 97 7 71 95 50 99 89 10 5 72 87 8 43 80 52 16 85 34 13 0 30 40 100 22 79 15 66 14 69 100 61 32 6 16 31 53 83 89 35 52 22 32 57 57 87 80 1 58 1 24 48 55 3 95 84 96 43 95 5 100 6 84 40 92 17 50 52 35 26 39 52 76 80 82
92 58 80 27 17 85 72 69 83 64 22 56 2 12 5 21 84 62 42 47 95 85 85 54 66 55 54 69 11 30 50 25 63 2 42 75 95 10 28 16 66 35 92 79 56 30 0 45 61 98 12 72 83 32 45 79 55 64 59 84 47 51 50 44 23 91 86 41 41 88 92 52 80 80 92 98 40 91 42 67 87 61 72 95 46 32 53 21 80 63 42 17 71 93 63 49 42 21 1 14
9 11 52 60 94 17 94 36 17 78 8 65 80 30 16 33 14 20 99 18 14 82 89 20 47 43 33 74 61 62 6 3 80 15 22 58 97 20 100 4 13 50 25 52 63 40 45 0 20 81 97 77 60 47 35 43 45 57 58 78 64 4 51 34 100 5 56 14 37 78 73 50 36 67 81 77 11 89 17 76 40 100 3 37 77 3 42 37 85 92 50 57 17 7 82 57 98 91 26 87
14 60 4 21 59 10 15 78 61 80 59 93 49 79 20 40 9 58 94 59 56 22 68 29 79 80 36 15 79 52 84 34 91 84 57 13 99 60 4 89 55 92 52 88 77 100 61 20 0 69 38 97 25 63 18 86 74 13 48 24 82 1 88 91 91 20 68 44 82 17 12 47 70 68 75 96 57 43 28 25 17 79 83 90 59 21 37 93 10 34 37 68 97 90 11 12 74 48 47 51
1 29 79 71 10 55 28 93 13 14 93 54 49 78 90 24 98 3 92 73 23 13 62 24 18 39 5 15 59 15 100 22 74 36 75 98 80 93 42 21 68 24 94 43 15 22 98 81 69 0 32 46 81 90 2 56 3 47 87 14 61 84 82 50 43 86 73 15 2 18 80 69 33 23 42 96 20 94 53 75 89 38 19 30 21 42 76 62 76 99 19 56 38 10 63 35 10 69 47 95
42 13 81 38 39 59 14 72 59 63 45 100 82 96 85 23 18 37 59 18 62 57 39 82 23 75 90 96 65 76 56 53 70 46 100 57 1 7 38 56 100 30 50 3 61 79 12 97 38 32 0 54 73 35 99 71 26 29 66 32 93 12 18 50 16 2 40 20 30 33 83 56 92 62 33 12 6 48 70 51 46 84 83 33 34 76 38 70 44 91 75 76 76 90 95 17 50 21 10 30
69 76 13 27 99 1 16 43 9 15 100 9 54 74 49 77 37 54 3 38 35 73 24 62 25 12 43 39 30 44 75 94 88 67 24 22 67 20 40 8 45 83 13 39 49 15 72 77 97 46 54 0 39 98 61 61 40 70 91 53 40 32 64 49 69 1 56 100 24 52 18 3 97 85 90 30 76 19 38 64 2 93 78 80 93 40 49 68 35 73 79 96 70 64 73 35 29 35 24 68
89 40 49 29 63 10 71 66 61 12 75 76 66 91 8 16 78 96 69 9 50 71 62 33 3 91 33 33 75 79 6 65 41 40 34 54 77 26 61 80 74 62 35 81 3 66 83 60 25 81 73 39 0 39 14 1 56 31 45 18 31 77 95 16 30 9 62 99 69 56 2 70 45 37 73 13 9 54 93 74 100 76 20 10 34 9 59 91 12 63 34 1 47 25 33 70 79 21 81 99
96 1 25 31 31 4 49 65 52 7 63 39 39 75 42 46 90 66 13 50 34 76 3 75 97 56 10 77 95 17 10 14 69 11 34 83 78 49 63 47 19 24 74 36 75 14 32 47 63 90 35 98 39 0 30 84 25 54 98 35 15 39 62 74 63 98 64 66 16 55 90 18 84 92 23 74 86 9 98 1 1 76 55 66 10 22 96 3 41 43 22 1 83 74 10 55 100 98 76 90
95 45 95 39 93 47 1 10 11 100 84 49 31 20 52 67 22 97 55 98 71 36 24 56 58 16 26 79 73 54 80 2 91 21 38 4 74 69 50 49 67 65 13 8 67 69 45 35 18 2 99 61 14 30 0 70 52 93 53 86 78 81 78 96 98 19 23 40 82 30 45 44 80 62 22 73 16 74 4 42 23 93 63 28 38 48 87 2 82 68 87 6 48 82 82 100 70 6 6 63
29 71 76 95 9 88 30 43 76 67 99 83 12 14 14 46 5 88 65 100 59 34 89 28 16 98 35 91 76 76 39 97 71 26 37 74 57 40 27 41 88 33 35 84 8 100 79 43 86 56 71 61 1 84 70 0 41 43 85 36 74 34 80 24 94 49 37 80 36 24 10 80 66 11 72 32 95 27 26 62 27 49 7 34 37 93 6 9 61 36 45 98 81 1 50 64 77 61 87 3
72 62 65 4 72 48 90 33 70 67 92 36 31 29 30 79 92 17 67 51 6 28 85 11 63 6 38 38 33 46 48 16 8 50 28 94 29 52 28 76 13 46 80 75 49 61 55 45 74 3 26 40 56 25 52 41 0 20 28 20 26 10 52 10 46 74 44 66 54 23 34 17 91 21 22 33 27 8 34 90 75 26 42 68 98 34 81 80 10 5 23 5 11 36 11 53 77 97 72 34
87 44 16 64 93 83 100 37 5 70 2 56 72 75 43 54 82 2 7 7 62 37 49 88 14 19 26 85 73 24 22 1 14 5 41 2 11 17 30 61 38 62 15 98 26 32 64 57 13 47 29 70 31 54 93 43 20 0 73 31 65 21 34 55 26 2 85 97 28 12 1 7 96 23 73 6 81 3 54 37 9 30 65 38 34 58 87 34 86 37 50 15 66 80 91 60 94 88 67 28
10 87 24 50 81 2 48 4 12 98 34 90 8 69 79 85 34 43 97 45 5 32 30 43 8 60 54 51 57 38 71 51 6 22 27 55 47 99 66 32 37 43 75 68 94 6 59 58 48 87 66 91 45 98 53 85 28 73 0 6 50 73 19 43 51 64 43 17 5 7 49 15 39 44 1 22 81 47 8 48 57 36 61 6 51 66 68 91 35 91 6 88 37 51 72 20 2 10 61 24
17 85 99 33 89 40 57 5 2 89 10 50 90 52 31 1 41 79 19 77 57 16 60 20 56 55 5 87 76 76 89 52 92 26 82 49 27 61 61 44 16 96 30 15 97 16 84 78 24 14 32 53 18 35 86 36 20 31 6 0 93 70 87 18 13 56 36 95 90 37 90 61 50 23 67 100 78 21 89 35 27 96 92 76 77 84 90 95 24 60 16 73 31 56 3 13 94 83 38 7
58 66 92 48 36 98 11 49 67 15 34 92 10 85 84 63 25 99 60 75 88 54 63 72 82 49 15 78 17 50 36 78 50 21 46 22 7 50 1 92 51 96 38 98 12 31 47 64 82 61 93 40 31 15 78 74 26 65 50 93 0 83 13 9 49 34 96 55 79 17 72 75 88 20 43 12 46 63 3 2 92 72 98 46 82 44 45 46 51 40 24 74 15 29 26 40 67 27 22 70
61 52 72 38 28 21 74 17 7 78 40 21 58 6 82 98 90 24 85 47 59 82 12 46 34 38 22 18 51 39 9 34 5 15 56 28 55 74 61 98 16 88 42 28 63 53 51 4 1 84 12 32 77 39 81 34 10 21 73 70 83 0 18 54 84 21 22 32 10 84 25 41 91 55 98 17 29 47 87 78 47 78 35 51 29 58 96 6 40 33 10 50 77 68 83 54 27 26 91 26
50 63 5 13 59 64 31 13 92 3 100 70 5 31 97 100 60 13 70 78 90 93 62 98 69 71 63 95 32 89 1 41 81 5 81 71 85 63 23 32 25 37 88 39 2 83 50 51 88 82 18 64 95 62 78 80 52 34 19 87 13 18 0 80 77 97 100 84 46 50 31 70 42 85 17 85 32 43 27 35 99 21 52 49 1 92 61 70 78 52 49 74 28 41 81 2 48 58 46 62
53 66 64 46 37 51 14 48 52 67 45 94 60 41 38 30 30 76 52 80 60 64 4 73 58 52 29 45 7 53 72 14 52 30 70 11 73 52 65 38 40 69 78 22 87 89 44 34 91 50 50 49 16 74 96 24 10 55 43 18 9 54 80 0 43 3 13 45 24 20 57 14 100 68 58 70 59 64 88 78 95 89 99 47 95 9 96 44 89 2 39 36 65 46 63 58 92 63 25 100
31 99 70 92 5 90 35 6 92 4 23 33 56 100 9 86 83 100 5 45 10 81 14 11 89 73 61 19 66 17 2 9 51 58 90 27 3 60 90 69 54 85 75 96 3 35 23 100 91 43 16 69 30 63 98 94 46 26 51 13 49 84 77 43 0 96 51 50 26 32 73 91 6 44 57 34 35 4 24 77 49 77 49 76 79 38 80 83 42 40 8 90 83 10 84 50 18 3 80 17
40 96 47 94 31 18 16 57 28 41 5 10 71 38 46 55 86 44 39 83 11 17 50 23 81 62 61 88 63 30 91 64 79 61 13 3 88 76 100 17 28 39 79 74 94 52 91 5 20 86 2 1 9 98 19 49 74 2 64 56 34 21 97 3 96 0 70 59 14 80 4 78 96 12 78 11 95 59 65 35 8 15 74 82 63 82 83 81 18 71 74 79 76 72 23 39 71 12 65 49
87 18 74 10 78 41 75 60 26 46 9 95 72 67 34 99 69 17 64 45 68 20 51 21 99 51 37 98 91 63 78 50 83 67 28 97 96 18 19 46 86 43 29 1 94 22 86 56 68 73 40 56 62 64 23 37 44 85 43 36 96 22 100 13 51 70 0 65 96 57 17 75 68 50 52 18 66 6 100 11 63 46 28 58 90 72 84 67 88 86 4 74 52 28 93 79 53 46 15 88
20 21 78 72 17 13 77 98 34 48 90 21 48 91 45 5 36 9 88 6 57 90 84 10 74 32 31 28 43 26 66 58 68 83 15 62 66 4 70 67 58 49 4 54 64 32 41 14 44 15 20 100 99 66 40 80 66 97 17 95 55 32 84 45 50 59 65 0 91 40 25 100 37 25 62 43 59 48 34 77 75 89 42 53 60 76 13 54 67 39 32 75 54 7 100 28 9 19 74 56
37 44 94 14 26 55 90 44 62 85 79 18 7 44 1 17 47 92 64 14 1 3 50 26 62 24 14 58 30 18 87 46 32 1 65 99 68 96 28 16 43 37 51 7 38 57 41 37 82 2 30 24 69 16 82 36 54 28 5 90 79 10 46 24 26 14 96 91 0 27 64 83 94 38 32 14 17 6 70 83 23 18 88 24 13 6 10 81 41 47 43 49 41 26 52 57 25 94 76 41
9 19 19 72 30 62 91 20 71 88 58 70 90 68 89 91 86 27 23 77 52 74 61 68 11 82 71 46 27 6 51 21 48 21 26 97 82 53 25 36 76 6 40 70 19 57 88 78 17 18 33 52 56 55 30 24 23 12 7 37 17 84 50 20 32 80 57 40 27 0 6 10 70 81 91 46 37 8 94 76 71 48 8 48 69 81 82 9 18 43 30 42 73 50 50 81 9 93 24 36
76 74 87 95 51 21 5 22 80 83 13 97 6 68 64 43 40 78 98 79 27 51 47 38 70 7 77 21 37 23 86 12 15 48 92 15 30 2 15 72 95 43 95 47 2 87 92 73 12 80 83 18 2 90 45 10 34 1 49 90 72 25 31 57 73 4 17 25 64 6 0 90 36 79 85 56 37 74 31 33 77 68 85 83 53 14 69 47 23 64 34 35 63 63 90 74 80 44 74 6
46 54 81 36 77 37 24 86 18 62 49 43 47 6 36 2 6 39 73 49 61 75 8 23 48 78 51 25 89 71 5 11 67 38 49 100 79 49 1 44 19 39 51 99 96 80 52 50 47 69 56 3 70 18 44 80 17 7 15 61 75 41 70 14 91 78 75 100 83 10 90 0 80 68 78 23 10 71 29 5 3 18 93 62 5 12 89 45 69 40 72 76 88 59 11 46 14 54 49 23
4 83 99 96 53 47 45 21 9 46 39 68 49 61 97 42 23 96 18 96 71 45 47 12 69 88 47 41 2 91 100 77 58 60 43 2 64 37 75 44 33 20 14 79 2 1 80 36 70 33 92 97 45 84 80 66 91 96 39 50 88 91 42 100 6 96 68 37 94 70 36 80 0 57 68 84 61 54 21 54 69 85 36 43 89 99 46 30 20 28 51 11 64 94 80 29 46 79 9 67
29 69 84 96 11 89 88 4 19 94 2 91 24 23 86 24 75 47 33 87 50 10 63 51 15 37 23 67 32 76 98 28 33 73 53 97 80 86 11 26 74 18 16 84 53 58 80 67 68 23 62 85 37 92 62 11 21 23 44 23 20 55 85 68 44 12 50 25 38 81 79 68 57 0 33 69 47 18 21 31 45 72 31 20 47 92 66 76 47 27 56 76 35 1 47 84 10 73 90 84
9 44 84 66 22 19 58 52 19 91 64 56 31 22 31 50 4 14 69 91 97 48 69 24 14 53 28 80 6 61 14 94 24 12 36 39 33 19 98 44 43 76 3 55 2 1 92 81 75 42 33 90 73 23 22 72 22 73 1 67 43 98 17 58 57 78 52 62 32 91 85 78 68 33 0 50 98 4 80 81 22 66 9 67 48 61 89 76 60 7 66 33 20 38 31 83 52 51 89 49
41 87 92 37 33 75 82 27 31 6 27 1 45 84 38 89 1 93 76 80 90 37 95 9 79 85 78 10 94 10 41 71 91 39 76 48 26 45 12 3 13 87 98 98 16 24 98 77 96 96 12 30 13 74 73 32 33 6 22 100 12 17 85 70 34 11 18 43 14 46 56 23 84 69 50 0 62 37 47 77 90 20 54 49 72 28 97 79 7 49 61 21 10 12 27 26 38 74 94 1
74 76 89 52 14 67 10 63 1 84 28 98 52 94 64 67 61 6 33 91 58 38 80 93 85 60 20 7 32 87 4 21 59 41 96 48 81 12 41 26 22 56 26 64 13 48 40 11 57 20 6 76 9 86 16 95 27 81 81 78 46 29 32 59 35 95 66 59 17 37 37 10 61 47 98 62 0 22 67 24 30 17 11 62 76 57 70 78 58 1 79 27 39 54 83 53 75 60 39 9
28 12 40 63 20 23 64 80 25 26 17 53 30 36 63 7 31 41 81 3 27 77 36 33 73 71 2 22 52 88 35 52 3 23 44 21 57 50 48 87 58 92 1 6 43 55 91 89 43 94 48 19 54 9 74 27 8 3 47 21 63 47 43 64 4 59 6 48 6 8 74 71 54 18 4 37 22 0 15 6 44 51 68 73 83 8 7 58 43 64 10 17 47 60 99 35 88 87 22 16
74 1 39 51 60 27 50 82 51 38 50 20 1 54 12 52 96 87 7 78 90 95 26 77 19 2 78 29 47 40 44 45 35 31 75 97 32 61 6 94 30 73 46 70 54 3 42 17 28 53 70 38 93 98 4 26 34 54 8 89 3 87 27 88 24 65 100 34 70 94 31 29 21 21 80 47 67 15 0 44 13 23 59 34 29 43 33 85 6 81 4 34 19 77 81 64 77 65 77 93
72 72 17 87 3 20 13 74 50 60 42 96 77 91 44 97 8 76 22 7 7 3 58 53 98 10 65 100 81 96 48 37 67 63 33 60 58 22 24 2 55 20 81 77 94 95 67 76 25 75 51 64 74 1 42 62 90 37 48 35 2 78 35 78 77 35 11 77 83 76 33 5 54 31 81 77 24 6 44 0 86 100 39 56 43 18 32 22 53 2 81 76 8 76 97 57 27 65 98 59
89 40 58 63 6 80 5 22 68 29 78 34 53 1 14 68 7 83 1 97 50 30 26 89 71 76 19 78 88 66 78 17 78 45 32 26 51 75 12 50 37 19 85 6 98 84 87 40 17 89 46 2 100 1 23 27 75 9 57 27 92 47 99 95 49 8 63 75 23 71 77 3 69 45 22 90 30 44 13 86 0 29 51 29 98 73 25 92 17 83 79 19 68 99 72 80 70 66 96 57
39 76 42 84 83 2 32 90 22 1 91 85 3 10 60 12 39 82 43 4 81 50 39 82 22 93 6 29 31 3 3 51 30 5 52 51 39 83 97 78 50 94 99 58 65 96 61 100 79 38 84 93 76 76 93 49 26 30 36 96 72 78 21 89 77 15 46 89 18 48 68 18 85 72 66 20 17 51 23 100 29 0 57 74 81 37 68 9 73 96 91 30 70 65 23 49 8 96 82 65
32 52 85 64 44 87 61 1 77 6 20 80 15 57 93 76 54 54 96 74 17 81 97 32 56 94 15 58 12 51 91 58 47 44 15 67 12 71 8 84 98 87 15 85 28 43 72 3 83 19 83 78 20 55 63 7 42 65 61 92 98 35 52 99 49 74 28 42 88 8 85 93 36 31 9 54 11 68 59 39 51 57 0 20 57 16 87 98 11 60 12 20 53 37 67 27 35 17 43 38
71 20 8 72 86 93 46 68 62 13 13 48 96 3 41 63 17 59 91 62 82 41 6 98 19 38 75 89 38 83 78 3 97 45 34 76 52 33 44 5 29 50 24 30 56 95 95 37 90 30 33 80 10 66 28 34 68 38 6 76 46 51 49 47 76 82 58 53 24 48 83 62 43 20 67 49 62 73 34 56 29 74 20 0 77 43 59 100 93 59 93 37 97 28 27 92 56 97 45 20
16 53 87 32 93 67 95 73 77 69 49 93 69 39 18 36 29 50 70 45 39 94 91 29 67 52 13 32 50 91 20 41 2 99 89 85 38 68 55 82 39 6 51 13 14 5 46 77 59 21 34 93 34 10 38 37 98 34 51 77 82 29 1 95 79 63 90 60 13 69 53 5 89 47 48 72 76 83 29 43 98 81 57 77 0 69 60 91 54 36 59 13 56 54 15 23 11 14 77 74
91 22 66 29 37 73 42 39 66 45 11 15 59 16 78 91 19 57 28 22 15 6 78 69 86 35 39 93 67 9 84 78 72 75 55 29 65 11 36 84 25 1 19 98 20 100 32 3 21 42 76 40 9 22 48 93 34 58 66 84 44 58 92 9 38 82 72 76 6 81 14 12 99 92 61 28 57 8 43 18 73 37 16 43 69 0 4 17 8 66 16 45 91 3 98 95 25 72 6 99
43 95 40 47 88 79 19 88 42 63 84 94 7 29 40 94 81 64 8 84 39 54 79 3 87 30 17 90 8 58 89 30 89 45 34 25 29 21 8 23 39 75 10 3 57 6 53 42 37 76 38 49 59 96 87 6 81 87 68 90 45 96 61 96 80 83 84 13 10 82 69 89 46 66 89 97 70 7 33 32 25 68 87 59 60 4 0 88 76 32 7 13 13 72 25 77 69 51 16 10
99 5 32 58 13 89 21 13 77 83 16 81 23 60 31 85 53 59 3 31 36 35 67 46 69 51 27 56 60 57 41 41 85 43 2 9 36 4 16 99 62 20 74 82 72 84 21 37 93 62 70 68 91 3 2 9 80 34 91 95 46 6 70 44 83 81 67 54 81 9 47 45 30 76 76 79 78 58 85 22 92 9 98 100 91 17 88 0 36 34 96 30 38 18 3 49 53 52 100 60
70 21 51 46 88 86 94 1 58 40 80 53 40 15 27 55 40 82 83 30 18 21 41 69 1 32 22 45 53 5 87 32 77 70 35 56 39 79 59 9 7 95 32 93 72 40 80 85 10 76 44 35 12 41 82 61 10 86 35 24 51 40 78 89 42 18 88 67 41 18 23 69 20 47 60 7 58 43 6 53 17 73 11 93 54 8 76 36 0 20 4 96 65 28 2 11 60 73 83 75
28 82 7 71 83 77 25 29 6 32 70 93 13 63 14 19 11 61 62 11 56 50 78 32 48 31 66 15 8 28 11 46 35 52 74 65 82 40 79 22 57 93 95 36 17 92 63 92 34 99 91 73 63 43 68 36 5 37 91 60 40 33 52 2 40 71 86 39 47 43 64 40 28 27 7 49 1 64 81 2 83 96 60 59 36 66 32 34 20 0 29 73 45 67 10 39 50 55 38 18
12 33 58 95 100 35 29 42 73 39 79 13 19 98 99 59 29 80 55 43 34 76 20 83 97 95 16 37 6 93 74 15 70 58 52 80 99 28 57 38 75 77 9 74 71 17 42 50 37 19 75 79 34 22 87 45 23 50 6 16 24 10 49 39 8 74 4 32 43 30 34 72 51 56 66 61 79 10 4 81 79 91 12 93 59 16 7 96 4 29 0 3 57 90 76 23 41 89 14 22
49 77 35 31 19 75 30 20 99 69 64 81 30 97 33 52 9 66 36 5 64 57 15 88 60 62 83 73 34 9 87 88 59 55 62 68 92 86 27 86 88 56 38 18 80 50 17 57 68 56 76 96 1 1 6 98 5 15 88 73 74 50 74 36 90 79 74 75 49 42 35 76 11 76 33 21 27 17 34 76 19 30 20 37 13 45 13 30 96 73 3 0 94 6 68 58 4 39 22 76
1 33 36 47 23 3 100 96 37 53 34 16 51 47 72 98 37 85 72 35 44 68 63 86 99 65 47 9 12 67 56 39 37 9 100 91 19 42 98 8 92 85 77 72 94 52 71 17 97 38 76 70 47 83 48 81 11 66 37 31 15 77 28 65 83 76 52 54 41 73 63 88 64 35 20 10 39 47 19 8 68 70 53 97 56 91 13 38 65 45 57 94 0 97 11 5 46 41 10 80
52 40 86 35 82 6 78 26 73 8 72 92 26 34 43 4 94 42 13 60 81 7 28 70 22 29 88 29 44 51 100 87 91 32 14 11 44 35 21 75 80 74 74 43 46 35 93 7 90 10 90 64 25 74 82 1 36 80 51 56 29 68 41 46 10 72 28 7 26 50 63 59 94 1 38 12 54 60 77 76 99 65 37 28 54 3 72 18 28 67 90 6 97 0 72 98 45 7 59 47
57 98 26 75 100 65 46 63 25 44 37 82 11 74 43 17 92 83 64 63 44 60 21 96 74 24 20 83 17 84 35 38 81 40 20 80 99 9 99 18 15 22 10 38 81 26 63 82 11 63 95 73 33 10 82 50 11 91 72 3 26 83 81 63 84 23 93 100 52 50 90 11 80 47 31 27 83 99 81 97 72 23 67 27 15 98 25 3 2 10 76 68 11 72 0 14 7 18 8 88
38 39 34 16 5 96 14 61 18 58 15 13 69 10 85 57 49 55 35 40 9 41 40 22 15 50 92 14 73 63 81 82 37 53 59 3 72 77 15 70 17 76 25 46 72 39 49 57 12 35 17 35 70 55 100 64 53 60 20 13 40 54 2 58 50 39 79 28 57 81 74 46 29 84 83 26 53 35 64 57 80 49 27 92 23 95 77 49 11 39 23 58 5 98 14 0 74 27 14 15
31 23 83 58 23 12 83 64 22 44 13 31 80 77 34 19 75 28 51 43 24 17 96 76 74 68 32 12 24 79 73 86 94 74 98 28 2 21 51 64 21 53 2 15 52 52 42 98 74 10 50 29 79 100 70 77 77 94 2 94 67 27 48 92 18 71 53 9 25 9 80 14 46 10 52 38 75 88 77 27 70 8 35 56 11 25 69 53 60 50 41 4 46 45 7 74 0 14 7 66
74 67 28 4 25 64 71 57 60 48 1 59 93 2 34 65 77 9 85 65 43 12 61 75 58 63 64 40 86 48 14 13 65 35 48 56 89 80 69 84 78 86 15 29 92 76 21 91 48 69 21 35 21 98 6 61 97 88 10 83 27 26 58 63 3 12 46 19 94 93 44 54 79 73 51 74 60 87 65 65 66 96 17 97 14 72 51 52 73 55 89 39 41 7 18 27 14 0 82 64
36 64 37 46 25 84 9 68 94 83 88 19 20 62 70 3 29 25 95 48 90 54 37 57 38 34 92 54 51 11 16 68 6 4 74 95 8 12 93 28 13 22 19 56 78 80 1 26 47 47 10 24 81 76 6 87 72 67 61 38 22 91 46 25 80 65 15 74 76 24 74 49 9 90 89 94 39 22 77 98 96 82 43 45 77 6 16 100 83 38 14 22 10 59 8 14 7 82 0 10
37 18 52 8 31 81 54 16 42 96 54 66 25 20 24 92 12 81 84 78 85 53 30 6 84 53 7 20 99 65 39 54 96 28 30 76 73 12 10 96 86 63 41 94 7 82 14 87 51 95 30 68 99 90 63 3 34 28 24 7 70 26 62 100 17 49 88 56 41 36 6 23 67 84 49 1 9 16 93 59 57 65 38 20 74 99 10 60 75 18 22 76 80 47 88 15 66 64 10 0
