102
0 63 31 81 42 26 32 11 97 13 44 28 26 47 69 82 30 84 14 12 51 12 64 78 33 12 6 100 97 81 17 26 7 49 37 89 5 64 30 97 48 25 78 53 81 11 39 5 24 47 85 80 34 47 48 35 100 99 92 5 27 93 93 36 12 82 42 39 13 47 44 85 49 9 39 49 76 97 94 62 38 24 34 99 21 58 73 86 53 65 44 33 87 43 83 62 10 48 28 5 16 71
63 0 75 37 13 63 9 85 49 8 93 66 34 15 72 15 16 75 57 76 95 40 92 29 48 58 85 3 52 44 50 52 40 70 74 47 54 82 6 11 20 5 51 11 39 50 18 55 51 74 5 25 60 10 76 96 94 98 25 14 11 47 62 4 58 59 40 47 96 97 89 49 91 17 63 3 74 14 11 70 52 90 62 45 90 62 78 94 89 10 36 47 61 92 29 58 38 89 61 16 10 11
31 75 0 48 23 98 74 56 86 16 24 25 86 29 77 70 23 1 51 28 25 92 30 67 9 67 25 1 79 72 83 53 20 16 82 90 1 66 31 19 59 32 49 19 2 82 71 42 67 59 91 28 63 96 88 78 9 89 29 50 14 42 64 33 74 92 90 93 85 70 32 90 9 17 43 55 7 68 3 24 27 36 45 58 89 57 80 47 79 71 6 98 91 42 28 45 86 63 21 82 72 67
81 37 48 0 49 25 48 44 56 89 66 54 77 41 67 93 66 64 59 92 14 16 93 8 27 71 90 1 40 27 81 73 42 67 37 100 89 60 7 43 67 2 22 65 75 82 3 97 44 6 69 92 22 58 100 33 6 20 69 54 19 95 52 75 86 78 78 64 75 91 91 61 62 34 18 96 66 90 71 56 80 13 31 13 84 79 4 23 39 32 62 48 72 87 34 89 63 99 95 80 8 87
42 13 23 49 0 31 72 58 14 42 46 48 11 74 12 94 8 80 24 16 12 94 98 94 34 51 47 9 13 10 42 20 16 1 31 42 72 66 35 81 63 54 20 3 33 87 87 63 64 57 69 85 11 46 9 88 24 75 36 63 48 26 87 89 87 50 84 63 93 38 96 48 2 9 39 69 62 68 40 15 83 87 19 74 71 29 66 22 37 17 66 83 77 18 14 78 32 26 90 25 69 8
26 63 98 25 31 0 36 54 99 34 98 49 48 55 77 43 98 55 68 56 83 56 6 51 2 47 32 48 53 57 48 91 51 77 45 51 13 41 71 31 74 55 64 31 12 35 15 57 46 46 61 38 28 35 44 6 70 38 6 52 55 76 70 72 13 68 38 31 42 75 55 30 32 31 39 79 3 65 79 83 57 83 14 71 53 98 63 49 81 16 34 47 51 60 74 73 65 37 64 6 60 19
32 9 74 48 72 36 0 93 79 13 49 73 95 52 81 4 11 40 57 65 72 26 90 71 100 74 5 39 85 86 14 58 74 25 54 76 2 47 40 100 29 16 85 35 92 91 98 54 20 42 2 60 29 83 94 68 9 35 39 67 45 93 82 10 21 13 37 58 44 29 5 80 70 85 66 23 27 44 15 59 85 30 26 19 60 20 78 97 7 14 33 3 39 98 42 60 53 5 77 44 28 33
11 85 56 44 58 54 93 0 43 90 10 16 24 16 65 71 19 21 47 85 20 20 40 56 95 71 83 24 70 74 18 6 89 59 25 43 45 55 59 39 64 34 2 12 81 70 59 75 52 16 74 87 48 90 35 85 82 99 67 29 40 17 64 90 72 7 52 94 47 61 83 31 13 10 55 60 32 53 88 83 34 15 10 6 10 71 47 95 36 89 12 91 82 22 47 24 98 43 28 24 72 28
97 49 86 56 14 99 79 43 0 11 44 61 55 77 12 51 29 30 35 1 44 2 47 48 70 53 67 54 49 74 15 97 14 41 81 11 47 75 68 83 13 40 97 19 60 91 34 78 79 69 63 2 96 58 62 75 80 82 91 21 38 6 12 61 24 58 18 72 1 20 37 7 65 33 44 12 97 58 97 87 2 18 80 62 18 85 88 42 41 7 65 29 15 99 18 45 55 52 42 26 17 95
13 8 16 89 42 34 13 90 11 0 46 68 94 67 37 70 7 79 49 81 85 70 44 28 58 73 47 19 21 90 58 46 28 67 97 60 95 93 48 87 94 81 39 97 44 22 57 73 47 27 91 4 21 64 39 37 39 90 96 61 18 20 84 63 39 79 40 30 67 63 21 28 64 26 82 47 6 70 47 32 52 21 20 17 100 17 72 27 82 19 77 13 94 54 44 3 5 28 9 44 95 58
44 93 24 66 46 98 49 10 44 46 0 33 24 70 7 88 90 34 28 78 53 94 78 76 53 77 33 95 60 3 12 96 60 19 97 1 77 27 81 39 64 78 60 74 37 92 13 69 79 49 41 12 35 73 69 2 43 50 35 97 48 25 66 40 89 20 67 9 82 65 89 18 37 65 51 95 45 46 88 24 38 6 34 19 13 78 77 91 17 33 67 37 12 99 95 66 100 5 88 35 73 2
28 66 25 54 48 49 73 16 61 68 33 0 24 53 83 81 85 64 85 27 9 72 32 87 5 28 55 61 25 65 39 47 20 48 79 99 38 60 20 98 64 98 68 26 88 82 31 37 1 9 41 58 93 9 48 22 71 98 83 71 13 34 60 41 42 23 15 80 21 39 7 83 43 65 97 19 58 17 55 67 25 48 24 22 11 65 59 82 59 49 23 43 41 22 41 96 72 30 83 18 77 51
26 34 86 77 11 48 95 24 55 94 24 24 0 77 1 82 62 17 82 5 58 87 52 71 56 36 85 91 25 69 96 54 46 6 86 73 93 77 5 56 62 14 52 25 94 52 48 21 90 92 72 69 30 1 3 6 88 28 91 8 4 55 15 88 36 40 14 49 3 49 71 66 84 93 37 64 6 84 1 18 84 13 35 44 13 74 73 60 64 62 26 91 20 29 78 100 22 97 49 72 71 100
47 15 29 41 74 55 52 16 77 67 70 53 77 0 25 74 89 1 82 48 64 21 78 91 79 6 91 56 25 25 85 6 76 23 13 16 71 45 84 18 67 17 17 22 66 72 22 8 76 3 72 96 30 94 92 20 87 47 20 15 59 50 28 63 72 10 30 31 27 65 97 29 77 32 73 46 18 14 99 84 7 18 99 47 61 46 10 22 85 47 49 63 43 78 21 6 29 33 22 18 57 37
69 72 77 67 12 77 81 65 12 37 7 83 1 25 0 15 86 63 96 35 48 24 24 96 82 70 54 74 43 50 28 36 37 90 2 75 81 85 23 31 69 30 88 91 87 49 84 75 77 12 12 11 39 87 25 6 17 36 96 100 24 52 37 23 74 23 9 62 60 85 36 75 52 90 91 70 50 26 26 69 31 39 29 20 53 65 87 99 44 30 7 4 57 61 95 39 79 51 44 44 29 17
82 15 70 93 94 43 4 71 51 70 88 81 82 74 15 0 7 59 56 15 88 31 24 47 93 45 12 23 7 84 30 48 18 39 82 46 44 85 26 53 25 30 77 100 84 89 41 63 81 83 82 4 14 90 18 96 36 20 64 2 97 76 80 40 32 7 55 92 50 10 28 93 93 19 87 95 33 79 35 55 20 87 17 26 28 1 30 97 55 79 87 72 53 38 21 64 13 61 35 37 28 36
30 16 23 66 8 98 11 19 29 7 90 85 62 89 86 7 0 63 4 37 28 76 35 5 36 5 31 22 31 36 41 78 60 27 54 11 1 42 10 86 2 27 42 38 13 39 42 18 92 80 52 72 9 93 74 80 20 87 8 43 9 43 40 32 58 76 78 48 67 68 4 74 91 40 99 87 51 40 89 12 29 73 45 79 59 20 59 42 76 98 29 41 5 50 4 81 41 57 17 54 39 79
84 75 1 64 80 55 40 21 30 79 34 64 17 1 63 59 63 0 80 72 74 38 39 57 99 53 53 18 24 53 60 50 100 14 38 94 73 92 89 77 54 45 67 29 92 55 21 31 34 61 59 40 31 71 39 79 71 83 65 82 89 64 40 68 48 59 70 7 50 56 87 79 15 35 89 76 77 57 6 26 67 25 12 44 85 36 83 93 6 56 71 65 88 20 38 54 25 69 7 10 100 51
14 57 51 59 24 68 57 47 35 49 28 85 82 82 96 56 4 80 0 97 63 15 13 27 35 89 12 78 87 41 48 8 22 8 83 30 4 5 35 18 32 27 93 84 46 18 49 40 60 99 84 66 36 77 94 62 45 22 44 14 73 45 97 5 20 98 82 65 33 64 11 95 57 8 83 76 17 70 36 19 35 42 24 25 64 88 6 17 91 11 99 31 48 30 95 100 65 22 93 59 37 67
12 76 28 92 16 56 65 85 1 81 78 27 5 48 35 15 37 72 97 0 46 60 87 48 38 17 86 15 33 75 91 8 1 98 13 100 50 41 56 4 10 36 74 42 10 3 73 62 6 51 79 5 32 7 10 44 29 90 96 14 80 69 98 95 65 36 29 56 43 37 58 98 81 94 6 8 43 94 65 100 49 68 41 23 90 50 57 37 34 49 22 4 78 91 61 89 48 80 2 39 28 22
51 95 25 14 12 83 72 20 44 85 53 9 58 64 48 88 28 74 63 46 0 50 75 45 52 36 58 12 93 95 68 82 97 57 45 77 82 36 96 60 87 6 75 58 99 10 99 68 48 59 64 94 98 16 6 2 79 50 26 30 27 52 61 83 40 67 28 21 83 1 26 25 69 10 98 66 80 79 3 45 50 51 76 67 42 61 23 28 33 78 52 63 88 25 19 52 98 25 83 24 75 75
12 40 92 16 94 56 26 20 2 70 94 72 87 21 24 31 76 38 15 60 50 0 56 59 46 64 90 62 6 1 57 64 54 63 52 8 79 99 97 3 6 16 85 49 78 83 72 33 6 86 21 7 48 16 13 6 46 79 86 83 99 60 90 53 30 15 99 90 14 88 33 57 87 21 80 12 83 45 24 16 49 10 80 81 11 25 81 54 81 22 45 54 18 17 45 64 1 33 53 20 69 25
64 92 30 93 98 6 90 40 47 44 78 32 52 78 24 24 35 39 13 87 75 56 0 65 61 100 78 51 10 22 12 78 55 47 45 87 16 76 78 94 41 52 62 91 47 3 49 76 6 40 49 54 16 100 96 24 68 54 95 60 70 21 25 64 68 57 29 86 99 59 20 77 28 86 58 30 63 6 31 62 69 33 81 75 39 100 97 97 43 15 61 77 97 11 54 13 65 98 26 84 42 45
78 29 67 8 94 51 71 56 48 28 76 87 71 91 96 47 5 57 27 48 45 59 65 0 39 38 53 70 95 97 8 83 56 68 7 94 81 38 45 1 9 99 47 69 79 59 92 26 73 67 44 4 97 45 71 47 95 76 61 40 27 44 28 86 86 90 9 54 89 60 6 88 80 84 62 78 60 91 49 48 42 13 34 67 93 69 84 55 67 23 81 53 21 53 25 10 25 33 46 78 86 62
33 48 9 27 34 2 100 95 70 58 53 5 56 79 82 93 36 99 35 38 52 46 61 39 0 31 23 52 3 53 83 59 32 71 78 56 44 79 12 97 72 28 22 9 38 39 86 28 37 92 98 48 68 20 22 57 39 62 9 17 60 78 83 64 97 17 53 87 71 99 26 26 74 59 44 25 1 1 33 83 76 35 81 20 53 11 81 55 97 23 35 86 28 86 57 80 48 98 45 67 44 15
12 58 67 71 51 47 74 71 53 73 77 28 36 6 70 45 5 53 89 17 36 64 100 38 31 0 65 49 50 97 5 39 76 14 28 49 82 30 98 34 4 41 55 26 26 58 81 79 9 68 41 2 12 21 75 83 57 26 66 92 25 64 78 52 36 35 14 66 40 99 23 73 15 77 3 39 35 22 17 47 95 61 93 46 14 59 85 58 35 74 100 20 54 4 48 30 22 82 48 25 91 100
6 85 25 90 47 32 5 83 67 47 33 55 85 91 54 12 31 53 12 86 58 90 78 53 23 65 0 51 31 64 62 66 83 99 28 10 90 74 6 91 75 57 85 1 84 100 49 32 13 62 70 28 24 98 93 84 86 16 97 4 70 8 53 96 56 9 61 21 22 50 88 53 28 2 26 1 8 80 33 30 55 18 13 79 51 32 71 74 46 30 49 89 66 36 42 26 25 21 20 49 24 90
100 3 1 1 9 48 39 24 54 19 95 61 91 56 74 23 22 18 78 15 12 62 51 70 52 49 51 0 46 32 69 77 65 70 36 48 60 96 31 48 40 7 84 92 6 5 9 14 95 25 72 83 87 49 91 98 46 58 89 11 41 1 25 85 70 5 10 27 55 25 93 97 82 57 6 84 59 14 95 81 2 8 64 52 42 50 77 20 48 46 9 94 58 16 79 77 2 5 43 39 95 68
97 52 79 40 13 53 85 70 49 21 60 25 25 25 43 7 31 24 87 33 93 6 10 95 3 50 31 46 0 24 8 16 76 11 85 14 84 8 34 7 58 64 43 17 25 12 46 100 11 69 58 12 12 30 3 2 67 27 89 5 27 44 18 7 63 14 77 30 35 51 13 92 6 78 11 31 27 41 91 100 39 59 75 58 39 49 2 84 80 96 64 68 51 58 89 28 16 40 41 35 94 22
81 44 72 27 10 57 86 74 74 90 3 65 69 25 50 84 36 53 41 75 95 1 22 97 53 97 64 32 24 0 2 64 15 66 61 48 51 4 1 51 27 30 53 7 89 18 60 21 90 93 22 38 37 90 1 10 92 29 58 46 44 50 84 86 22 79 56 57 87 82 13 20 29 45 79 38 50 22 73 57 82 56 92 31 26 51 62 88 88 62 19 25 67 41 38 6 71 9 5 21 94 98
17 50 83 81 42 48 14 18 15 58 12 39 96 85 28 30 41 60 48 91 68 57 12 8 83 5 62 69 8 2 0 65 39 5 31 29 89 89 25 46 9 42 2 76 57 47 42 21 33 32 1 69 14 2 76 86 13 95 14 42 89 88 31 35 96 56 14 15 10 48 97 8 74 53 96 6 75 93 74 50 31 67 59 90 28 45 1 28 62 76 26 88 17 66 75 51 28 83 37 40 39 15
26 52 53 73 20 91 58 6 97 46 96 47 54 6 36 48 78 50 8 8 82 64 78 83 59 39 66 77 16 64 65 0 14 12 70 77 40 39 95 57 5 49 17 53 19 37 21 10 91 98 57 77 38 12 46 62 65 88 60 24 15 78 87 98 56 30 23 50 28 57 75 90 9 8 27 54 5 70 13 88 65 99 91 87 59 84 73 79 20 64 11 65 50 60 14 27 82 8 20 25 15 53
7 40 20 42 16 51 74 89 14 28 60 20 46 76 37 18 60 100 22 1 97 54 55 56 32 76 83 65 76 15 39 14 0 66 90 24 56 11 7 65 58 91 74 23 92 74 96 98 81 23 63 98 67 10 41 63 34 65 39 38 40 57 53 2 90 61 27 17 68 44 73 47 38 67 2 90 68 51 33 99 24 36 22 8 48 58 37 86 85 3 98 37 87 88 13 64 75 52 51 9 28 6
49 70 16 67 1 77 25 59 41 67 19 48 6 23 90 39 27 14 8 98 57 63 47 68 71 14 99 70 11 66 5 12 66 0 63 91 50 68 9 10 8 14 78 31 91 24 28 19 52 54 96 84 7 24 88 4 92 38 97 72 4 65 81 7 83 86 91 21 70 70 91 56 94 1 25 55 39 68 70 45 12 17 79 57 74 50 55 2 2 76 45 62 20 59 2 77 9 49 91 99 73 65
37 74 82 37 31 45 54 25 81 97 97 79 86 13 2 82 54 38 83 13 45 52 45 7 78 28 28 36 85 61 31 70 90 63 0 98 93 42 93 42 50 81 64 49 57 60 31 60 55 88 80 26 58 17 45 34 86 36 71 38 97 34 32 49 2 60 86 75 57 32 53 19 10 88 96 50 60 66 86 4 81 27 14 68 58 11 2 47 20 51 21 86 39 10 74 90 6 48 52 20 46 59
89 47 90 100 42 51 76 43 11 60 1 99 73 16 75 46 11 94 30 100 77 8 87 94 56 49 10 48 14 48 29 77 24 91 98 0 67 95 35 53 91 59 46 85 61 73 80 39 16 78 26 32 43 97 71 3 71 72 81 83 36 17 29 28 12 54 85 5 39 82 13 48 40 16 59 63 8 51 35 81 60 14 14 97 51 91 21 42 52 53 95 53 41 35 62 41 81 78 35 10 18 94
5 54 1 89 72 13 2 45 47 95 77 38 93 71 81 44 1 73 4 50 82 79 16 81 44 82 90 60 84 51 89 40 56 50 93 67 0 67 84 32 28 10 92 77 4 21 87 82 53 75 68 73 67 82 97 79 1 42 37 1 87 25 65 77 85 8 99 87 34 2 33 43 29 19 77 18 88 74 34 75 21 31 8 98 9 9 43 92 74 92 54 63 84 39 3 88 96 17 77 21 65 73
64 82 66 60 66 41 47 55 75 93 27 60 77 45 85 85 42 92 5 41 36 99 76 38 79 30 74 96 8 4 89 39 11 68 42 95 67 0 51 79 21 27 82 36 50 92 52 73 25 63 73 33 93 63 69 5 61 52 88 47 51 50 67 58 77 45 100 9 89 26 1 73 62 72 95 74 30 88 81 78 68 79 75 99 85 4 68 22 55 74 20 87 60 91 58 38 79 62 71 38 69 22
30 6 31 7 35 71 40 59 68 48 81 20 5 84 23 26 10 89 35 56 96 97 78 45 12 98 6 31 34 1 25 95 7 9 93 35 84 51 0 35 95 29 53 1 28 81 79 57 63 68 70 12 53 26 98 26 90 21 25 52 17 85 31 92 89 92 86 87 85 51 3 4 57 10 47 86 21 80 82 68 43 89 50 91 37 69 84 68 73 19 26 38 27 99 60 7 52 35 51 14 32 37
97 11 19 43 81 31 100 39 83 87 39 98 56 18 31 53 86 77 18 4 60 3 94 1 97 34 91 48 7 51 46 57 65 10 42 53 32 79 35 0 43 29 59 8 10 70 39 65 72 28 76 3 76 44 15 71 4 12 21 4 22 12 100 26 49 88 57 20 67 22 32 85 53 54 85 48 57 36 49 38 1 20 47 75 85 58 61 6 14 35 58 59 44 40 68 28 43 97 63 96 63 2
48 20 59 67 63 74 29 64 13 94 64 64 62 67 69 25 2 54 32 10 87 6 41 9 72 4 75 40 58 27 9 5 58 8 50 91 28 21 95 43 0 29 19 28 35 77 11 23 69 64 10 91 2 49 92 65 34 73 54 55 96 42 3 39 95 63 15 78 95 36 72 59 75 89 88 5 1 60 39 59 34 35 84 69 64 16 39 80 65 77 64 23 28 10 42 93 90 83 37 66 3 49
25 5 32 2 54 55 16 34 40 81 78 98 14 17 30 30 27 45 27 36 6 16 52 99 28 41 57 7 64 30 42 49 91 14 81 59 10 27 29 29 29 0 82 76 5 1 91 5 1 33 67 35 21 44 30 7 48 4 41 27 44 97 28 84 58 15 13 61 38 30 27 24 62 26 98 46 74 90 34 44 62 84 9 16 4 44 92 71 32 8 43 25 100 52 6 57 30 74 21 45 58 71
78 51 49 22 20 64 85 2 97 39 60 68 52 17 88 77 42 67 93 74 75 85 62 47 22 55 85 84 43 53 2 17 74 78 64 46 92 82 53 59 19 82 0 54 86 76 63 59 39 30 5 69 81 41 90 7 35 98 98 17 19 22 77 86 13 22 63 83 13 57 44 55 50 71 55 11 17 78 52 10 93 36 25 79 6 8 100 61 73 59 23 19 83 72 28 7 20 93 99 88 56 98
53 11 19 65 3 31 35 12 19 97 74 26 25 22 91 100 38 29 84 42 58 49 91 69 9 26 1 92 17 7 76 53 23 31 49 85 77 36 1 8 28 76 54 0 33 73 31 48 4 48 8 86 26 6 82 59 84 85 15 86 14 80 23 7 22 73 66 9 51 52 76 48 89 63 89 3 91 71 56 86 52 11 99 58 38 96 37 55 47 74 35 77 53 69 16 56 5 5 2 17 82 97
81 39 2 75 33 12 92 81 60 44 37 88 94 66 87 84 13 92 46 10 99 78 47 79 38 26 84 6 25 89 57 19 92 91 57 61 4 50 28 10 35 5 86 33 0 25 27 26 93 15 70 7 12 32 93 26 88 2 84 99 12 1 74 38 83 49 88 36 76 68 87 52 74 71 57 36 7 60 69 65 47 33 39 78 25 37 89 40 20 2 40 40 44 32 14 43 7 27 13 93 41 89
11 50 82 82 87 35 91 70 91 22 92 82 52 72 49 89 39 55 18 3 10 83 3 59 39 58 100 5 12 18 47 37 74 24 60 73 21 92 81 70 77 1 76 73 25 0 3 52 40 1 82 28 19 30 4 75 8 39 50 67 54 47 76 35 35 100 46 35 2 93 79 96 61 10 16 2 70 70 37 53 29 66 5 87 41 60 23 80 42 15 86 76 6 75 10 16 62 51 14 75 79 51
39 18 71 3 87 15 98 59 34 57 13 31 48 22 84 41 42 21 49 73 99 72 49 92 86 81 49 9 46 60 42 21 96 28 31 80 87 52 79 39 11 91 63 31 27 3 0 48 2 68 72 52 37 77 44 23 8 56 71 19 90 51 73 62 13 54 8 1 32 88 52 76 40 58 84 77 27 39 4 6 65 47 100 35 45 93 25 80 97 40 34 14 33 12 95 89 57 89 65 64 13 63
5 55 42 97 63 57 54 75 78 73 69 37 21 8 75 63 18 31 40 62 68 33 76 26 28 79 32 14 100 21 21 10 98 19 60 39 82 73 57 65 23 5 59 48 26 52 48 0 81 91 31 53 70 42 86 37 92 40 99 76 56 39 21 41 30 2 98 75 13 30 98 90 84 42 93 58 71 5 34 23 13 69 23 41 78 29 94 90 37 4 92 90 66 4 17 9 40 51 80 60 24 31
24 51 67 44 64 46 20 52 79 47 79 1 90 76 77 81 92 34 60 6 48 6 6 73 37 9 13 95 11 90 33 91 81 52 55 16 53 25 63 72 69 1 39 4 93 40 2 81 0 65 10 36 80 83 33 27 52 13 20 75 64 69 81 83 14 77 1 68 78 46 35 26 56 29 11 7 6 78 35 71 37 75 28 74 3 53 15 1 1 52 96 100 12 76 55 63 35 53 89 39 58 68
47 74 59 6 57 46 42 16 69 27 49 9 92 3 12 83 80 61 99 51 59 86 40 67 92 68 62 25 69 93 32 98 23 54 88 78 75 63 68 28 64 33 30 48 15 1 68 91 65 0 99 51 84 96 91 75 89 7 60 4 37 64 41 28 50 6 8 23 73 75 15 49 82 31 90 67 49 14 84 69 40 66 70 69 81 24 74 25 41 37 39 34 94 21 34 19 9 28 81 78 73 92
85 5 91 69 69 61 2 74 63 91 41 41 72 72 12 82 52 59 84 79 64 21 49 44 98 41 70 72 58 22 1 57 63 96 80 26 68 73 70 76 10 67 5 8 70 82 72 31 10 99 0 59 33 72 65 75 57 55 60 70 8 24 68 44 46 63 92 98 86 51 33 15 29 12 16 64 74 38 80 42 5 64 24 20 47 53 4 52 31 77 71 19 71 69 100 43 64 21 27 29 71 53
80 25 28 92 85 38 60 87 2 4 12 58 69 96 11 4 72 40 66 5 94 7 54 4 48 2 28 83 12 38 69 77 98 84 26 32 73 33 12 3 91 35 69 86 7 28 52 53 36 51 59 0 90 5 39 32 45 66 17 56 39 96 44 54 22 6 32 19 42 43 40 73 43 47 38 81 52 59 73 81 5 37 62 19 10 72 3 27 7 10 48 95 13 87 62 76 93 76 2 76 53 79
34 60 63 22 11 28 29 48 96 21 35 93 30 30 39 14 9 31 36 32 98 48 16 97 68 12 24 87 12 37 14 38 67 7 58 43 67 93 53 76 2 21 81 26 12 19 37 70 80 84 33 90 0 16 85 59 78 43 73 51 50 39 43 81 40 3 9 78 26 61 72 8 55 95 33 19 22 54 35 40 47 81 10 55 42 19 84 20 6 53 49 23 29 59 99 30 6 55 38 70 82 14
47 10 96 58 46 35 83 90 58 64 73 9 1 94 87 90 93 71 77 7 16 16 100 45 20 21 98 49 30 90 2 12 10 24 17 97 82 63 26 44 49 44 41 6 32 30 77 42 83 96 72 5 16 0 89 53 33 89 48 90 18 89 24 74 54 14 53 93 46 87 90 55 1 76 61 87 86 89 25 36 35 95 10 59 94 52 28 80 58 57 96 34 90 93 81 34 92 11 41 31 33 22
48 76 88 100 9 44 94 35 62 39 69 48 3 92 25 18 74 39 94 10 6 13 96 71 22 75 93 91 3 1 76 46 41 88 45 71 97 69 98 15 92 30 90 82 93 4 44 86 33 91 65 39 85 89 0 76 4 97 95 26 61 76 56 69 33 26 36 4 89 33 30 73 10 8 21 80 29 45 23 49 59 30 56 31 44 83 91 95 61 22 62 89 9 78 78 24 67 58 12 57 80 36
35 96 78 33 88 6 68 85 75 37 2 22 6 20 6 96 80 79 62 44 2 6 24 47 57 83 84 98 2 10 86 62 63 4 34 3 79 5 26 71 65 7 7 59 26 75 23 37 27 75 75 32 59 53 76 0 30 30 66 50 88 75 95 83 42 42 95 49 49 24 32 67 24 49 31 100 10 77 48 31 64 3 58 21 30 91 5 93 62 62 35 71 92 18 84 94 98 9 96 29 68 9
100 94 9 6 24 70 9 82 80 39 43 71 88 87 17 36 20 71 45 29 79 46 68 95 39 57 86 46 67 92 13 65 34 92 86 71 1 61 90 4 34 48 35 84 88 8 8 92 52 89 57 45 78 33 4 30 0 32 23 31 80 1 40 58 99 90 50 67 36 39 31 75 75 92 78 91 43 36 60 83 2 90 63 88 89 64 26 15 78 35 20 9 23 69 4 99 36 73 77 33 98 13
99 98 89 20 75 38 35 99 82 90 50 98 28 47 36 20 87 83 22 90 50 79 54 76 62 26 16 58 27 29 95 88 65 38 36 72 42 52 21 12 73 4 98 85 2 39 56 40 13 7 55 66 43 89 97 30 32 0 78 44 38 45 3 42 7 91 25 85 87 55 66 45 57 87 2 99 63 72 98 74 47 19 75 61 62 26 39 92 48 34 30 40 55 71 29 79 10 31 22 44 86 71
92 25 29 69 36 6 39 67 91 96 35 83 91 20 96 64 8 65 44 96 26 86 95 61 9 66 97 89 89 58 14 60 39 97 71 81 37 88 25 21 54 41 98 15 84 50 71 99 20 60 60 17 73 48 95 66 23 78 0 63 23 83 63 45 19 27 3 83 16 41 4 66 13 88 57 97 16 48 88 69 97 87 26 99 23 2 42 42 99 39 89 9 83 79 21 31 88 31 16 71 95 78
5 14 50 54 63 52 67 29 21 61 97 71 8 15 100 2 43 82 14 14 30 83 60 40 17 92 4 11 5 46 42 24 38 72 38 83 1 47 52 4 55 27 17 86 99 67 19 76 75 4 70 56 51 90 26 50 31 44 63 0 5 37 66 33 81 38 29 37 93 89 46 13 91 19 87 39 36 78 19 61 22 45 59 90 98 98 81 39 87 71 80 31 66 90 7 73 1 4 15 8 58 11
27 11 14 19 48 55 45 40 38 18 48 13 4 59 24 97 9 89 73 80 27 99 70 27 60 25 70 41 27 44 89 15 40 4 97 36 87 51 17 22 96 44 19 14 12 54 90 56 64 37 8 39 50 18 61 88 80 38 23 5 0 60 81 85 28 94 12 65 62 10 20 72 97 88 55 23 88 54 1 65 66 52 92 66 49 67 62 85 67 91 65 53 52 7 87 87 74 56 36 38 45 50
93 47 42 95 26 76 93 17 6 20 25 34 55 50 52 76 43 64 45 69 52 60 21 44 78 64 8 1 44 50 88 78 57 65 34 17 25 50 85 12 42 97 22 80 1 47 51 39 69 64 24 96 39 89 76 75 1 45 83 37 60 0 74 15 6 95 72 95 5 63 10 90 41 65 38 28 94 56 74 88 94 95 11 85 16 72 72 69 11 53 54 35 93 23 43 78 15 2 96 56 45 2
93 62 64 52 87 70 82 64 12 84 66 60 15 28 37 80 40 40 97 98 61 90 25 28 83 78 53 25 18 84 31 87 53 81 32 29 65 67 31 100 3 28 77 23 74 76 73 21 81 41 68 44 43 24 56 95 40 3 63 66 81 74 0 86 63 64 1 4 80 62 16 70 45 53 5 87 57 25 57 25 62 31 86 63 41 77 50 79 9 20 94 92 52 40 51 33 26 75 35 29 85 57
36 4 33 75 89 72 10 90 61 63 40 41 88 63 23 40 32 68 5 95 83 53 64 86 64 52 96 85 7 86 35 98 2 7 49 28 77 58 92 26 39 84 86 7 38 35 62 41 83 28 44 54 81 74 69 83 58 42 45 33 85 15 86 0 63 53 69 58 84 79 80 88 50 6 36 38 83 23 82 71 25 83 52 27 79 8 17 73 28 3 48 97 95 13 87 67 8 87 81 43 65 99
12 58 74 86 87 13 21 72 24 39 89 42 36 72 74 32 58 48 20 65 40 30 68 86 97 36 56 70 63 22 96 56 90 83 2 12 85 77 89 49 95 58 13 22 83 35 13 30 14 50 46 22 40 54 33 42 99 7 19 81 28 6 63 63 0 91 98 75 44 56 3 6 48 89 49 34 56 84 79 75 28 16 78 34 18 87 98 58 22 63 57 89 95 50 98 17 1 7 11 69 11 2
82 59 92 78 50 68 13 7 58 79 20 23 40 10 23 7 76 59 98 36 67 15 57 90 17 35 9 5 14 79 56 30 61 86 60 54 8 45 92 88 63 15 22 73 49 100 54 2 77 6 63 6 3 14 26 42 90 91 27 38 94 95 64 53 91 0 12 4 23 84 60 90 10 54 63 56 80 86 32 97 50 31 79 66 39 59 78 49 31 49 86 28 49 42 52 57 3 48 11 49 32 60
42 40 90 78 84 38 37 52 18 40 67 15 14 30 9 55 78 70 82 29 28 99 29 9 53 14 61 10 77 56 14 23 27 91 86 85 99 100 86 57 15 13 63 66 88 46 8 98 1 8 92 32 9 53 36 95 50 25 3 29 12 72 1 69 98 12 0 53 23 71 48 87 60 63 98 89 52 66 29 74 89 45 34 98 29 49 8 87 38 57 88 37 9 30 55 2 6 30 54 43 50 81
39 47 93 64 63 31 58 94 72 30 9 80 49 31 62 92 48 7 65 56 21 90 86 54 87 66 21 27 30 57 15 50 17 21 75 5 87 9 87 20 78 61 83 9 36 35 1 75 68 23 98 19 78 93 4 49 67 85 83 37 65 95 4 58 75 4 53 0 72 13 93 65 1 88 48 32 6 1 93 93 88 37 85 79 34 29 20 92 79 28 83 83 42 65 14 96 6 51 85 80 15 5
13 96 85 75 93 42 44 47 1 67 82 21 3 27 60 50 67 50 33 43 83 14 99 89 71 40 22 55 35 87 10 28 68 70 57 39 34 89 85 67 95 38 13 51 76 2 32 13 78 73 86 42 26 46 89 49 36 87 16 93 62 5 80 84 44 23 23 72 0 99 10 39 23 20 88 69 72 67 33 49 41 49 27 85 60 88 55 94 55 51 78 38 60 57 64 58 49 63 4 28 65 50
47 97 70 91 38 75 29 61 20 63 65 39 49 65 85 10 68 56 64 37 1 88 59 60 99 99 50 25 51 82 48 57 44 70 32 82 2 26 51 22 36 30 57 52 68 93 88 30 46 75 51 43 61 87 33 24 39 55 41 89 10 63 62 79 56 84 71 13 99 0 16 34 50 77 45 69 23 71 4 64 91 84 31 16 86 37 5 95 65 100 33 29 92 31 44 9 72 32 27 76 16 84
44 89 32 91 96 55 5 83 37 21 89 7 71 97 36 28 4 87 11 58 26 33 20 6 26 23 88 93 13 13 97 75 73 91 53 13 33 1 3 32 72 27 44 76 87 79 52 98 35 15 33 40 72 90 30 32 31 66 4 46 20 10 16 80 3 60 48 93 10 16 0 68 72 22 14 56 28 37 3 43 11 84 18 73 33 50 18 50 38 71 4 2 72 61 37 83 98 10 73 88 24 65
85 49 90 61 48 30 80 31 7 28 18 83 66 29 75 93 74 79 95 98 25 57 77 88 26 73 53 97 92 20 8 90 47 56 19 48 43 73 4 85 59 24 55 48 52 96 76 90 26 49 15 73 8 55 73 67 75 45 66 13 72 90 70 88 6 90 87 65 39 34 68 0 78 45 64 78 70 51 36 48 46 67 71 30 69 93 12 76 14 69 72 22 77 58 78 69 99 54 89 73 38 62
49 91 9 62 2 32 70 13 65 64 37 43 84 77 52 93 91 15 57 81 69 87 28 80 74 15 28 82 6 29 74 9 38 94 10 40 29 62 57 53 75 62 50 89 74 61 40 84 56 82 29 43 55 1 10 24 75 57 13 91 97 41 45 50 48 10 60 1 23 50 72 78 0 94 75 37 54 5 98 43 74 23 93 70 62 12 52 1 58 34 71 77 82 81 84 6 35 60 50 78 50 51
9 17 17 34 9 31 85 10 33 26 65 65 93 32 90 19 40 35 8 94 10 21 86 84 59 77 2 57 78 45 53 8 67 1 88 16 19 72 10 54 89 26 71 63 71 10 58 42 29 31 12 47 95 76 8 49 92 87 88 19 88 65 53 6 89 54 63 88 20 77 22 45 94 0 67 22 67 11 6 88 55 68 27 2 22 98 38 99 62 43 96 84 91 17 24 27 81 38 40 73 25 70
39 63 43 18 39 39 66 55 44 82 51 97 37 73 91 87 99 89 83 6 98 80 58 62 44 3 26 6 11 79 96 27 2 25 96 59 77 95 47 85 88 98 55 89 57 16 84 93 11 90 16 38 33 61 21 31 78 2 57 87 55 38 5 36 49 63 98 48 88 45 14 64 75 67 0 40 43 10 8 14 14 27 61 27 15 12 87 48 98 89 49 39 31 81 86 4 2 9 7 40 67 43
49 3 55 96 69 79 23 60 12 47 95 19 64 46 70 95 87 76 76 8 66 12 30 78 25 39 1 84 31 38 6 54 90 55 50 63 18 74 86 48 5 46 11 3 36 2 77 58 7 67 64 81 19 87 80 100 91 99 97 39 23 28 87 38 34 56 89 32 69 69 56 78 37 22 40 0 92 67 73 85 89 19 10 56 72 99 78 93 97 62 9 37 100 55 75 58 11 98 38 9 53 40
76 74 7 66 62 3 27 32 97 6 45 58 6 18 50 33 51 77 17 43 80 83 63 60 1 35 8 59 27 50 75 5 68 39 60 8 88 30 21 57 1 74 17 91 7 70 27 71 6 49 74 52 22 86 29 10 43 63 16 36 88 94 57 83 56 80 52 6 72 23 28 70 54 67 43 92 0 91 80 51 61 45 48 95 50 64 68 76 8 94 97 80 8 77 34 61 24 66 89 45 74 51
97 14 68 90 68 65 44 53 58 70 46 17 84 14 26 79 40 57 70 94 79 45 6 91 1 22 80 14 41 22 93 70 51 68 66 51 74 88 80 36 60 90 78 71 60 70 39 5 78 14 38 59 54 89 45 77 36 72 48 78 54 56 25 23 84 86 66 1 67 71 37 51 5 11 10 67 91 0 90 16 80 62 92 85 28 50 48 41 4 82 29 23 75 70 75 9 89 77 38 30 35 86
94 11 3 71 40 79 15 88 97 47 88 55 1 99 26 35 89 6 36 65 3 24 31 49 33 17 33 95 91 73 74 13 33 70 86 35 34 81 82 49 39 34 52 56 69 37 4 34 35 84 80 73 35 25 23 48 60 98 88 19 1 74 57 82 79 32 29 93 33 4 3 36 98 6 8 73 80 90 0 22 50 83 1 15 75 39 73 86 98 5 13 52 86 9 16 91 97 19 25 85 10 42
62 70 24 56 15 83 59 83 87 32 24 67 18 84 69 55 12 26 19 100 45 16 62 48 83 47 30 81 100 57 50 88 99 45 4 81 75 78 68 38 59 44 10 86 65 53 6 23 71 69 42 81 40 36 49 31 83 74 69 61 65 88 25 71 75 97 74 93 49 64 43 48 43 88 14 85 51 16 22 0 11 71 2 99 50 67 37 53 96 29 69 32 25 24 29 44 27 39 95 83 23 52
38 52 27 80 83 57 85 34 2 52 38 25 84 7 31 20 29 67 35 49 50 49 69 42 76 95 55 2 39 82 31 65 24 12 81 60 21 68 43 1 34 62 93 52 47 29 65 13 37 40 5 5 47 35 59 64 2 47 97 22 66 94 62 25 28 50 89 88 41 91 11 46 74 55 14 89 61 80 50 11 0 90 97 84 4 55 99 39 77 78 35 34 91 11 60 6 81 86 57 31 88 85
24 90 36 13 87 83 30 15 18 21 6 48 13 18 39 87 73 25 42 68 51 10 33 13 35 61 18 8 59 56 67 99 36 17 27 14 31 79 89 20 35 84 36 11 33 66 47 69 75 66 64 37 81 95 30 3 90 19 87 45 52 95 31 83 16 31 45 37 49 84 84 67 23 68 27 19 45 62 83 71 90 0 37 29 38 9 72 49 55 59 16 7 95 60 51 51 55 34 30 47 45 95
34 62 45 31 19 14 26 10 80 20 34 24 35 99 29 17 45 12 24 41 76 80 81 34 81 93 13 64 75 92 59 91 22 79 14 14 8 75 50 47 84 9 25 99 39 5 100 23 28 70 24 62 10 10 56 58 63 75 26 59 92 11 86 52 78 79 34 85 27 31 18 71 93 27 61 10 48 92 1 2 97 37 0 53 41 92 67 78 89 10 11 89 12 81 6 35 20 51 28 63 42 97
99 45 58 13 74 71 19 6 62 17 19 22 44 47 20 26 79 44 25 23 67 81 75 67 20 46 79 52 58 31 90 87 8 57 68 97 98 99 91 75 69 16 79 58 78 87 35 41 74 69 20 19 55 59 31 21 88 61 99 90 66 85 63 27 34 66 98 79 85 16 73 30 70 2 27 56 95 85 15 99 84 29 53 0 88 56 97 90 72 75 18 70 3 84 32 62 53 77 41 83 43 39
21 90 89 84 71 53 60 10 18 100 13 11 13 61 53 28 59 85 64 90 42 11 39 93 53 14 51 42 39 26 28 59 48 74 58 51 9 85 37 85 64 4 6 38 25 41 45 78 3 81 47 10 42 94 44 30 89 62 23 98 49 16 41 79 18 39 29 34 60 86 33 69 62 22 15 72 50 28 75 50 4 38 41 88 0 68 41 67 24 76 81 77 45 88 81 45 29 31 44 69 10 7
58 62 57 79 29 98 20 71 85 17 78 65 74 46 65 1 20 36 88 50 61 25 100 69 11 59 32 50 49 51 45 84 58 50 11 91 9 4 69 58 16 44 8 96 37 60 93 29 53 24 53 72 19 52 83 91 64 26 2 98 67 72 77 8 87 59 49 29 88 37 50 93 12 98 12 99 64 50 39 67 55 9 92 56 68 0 25 91 68 23 100 85 7 76 2 26 2 23 22 16 100 44
73 78 80 4 66 63 78 47 88 72 77 59 73 10 87 30 59 83 6 57 23 81 97 84 81 85 71 77 2 62 1 73 37 55 2 21 43 68 84 61 39 92 100 37 89 23 25 94 15 74 4 3 84 28 91 5 26 39 42 81 62 72 50 17 98 78 8 20 55 5 18 12 52 38 87 78 68 48 73 37 99 72 67 97 41 25 0 96 98 1 5 7 75 56 8 98 47 11 23 72 53 51
86 94 47 23 22 49 97 95 42 27 91 82 60 22 99 97 42 93 17 37 28 54 97 55 55 58 74 20 84 88 28 79 86 2 47 42 92 22 68 6 80 71 61 55 40 80 80 90 1 25 52 27 20 80 95 93 15 92 42 39 85 69 79 73 58 49 87 92 94 95 50 76 1 99 48 93 76 41 86 53 39 49 78 90 67 91 96 0 16 100 39 70 100 37 53 80 67 53 87 4 98 87
53 89 79 39 37 81 7 36 41 82 17 59 64 85 44 55 76 6 91 34 33 81 43 67 97 35 46 48 80 88 62 20 85 2 20 52 74 55 73 14 65 32 73 47 20 42 97 37 1 41 31 7 6 58 61 62 78 48 99 87 67 11 9 28 22 31 38 79 55 65 38 14 58 62 98 97 8 4 98 96 77 55 89 72 24 68 98 16 0 19 65 69 67 58 22 73 75 50 49 96 91 45
65 10 71 32 17 16 14 89 7 19 33 49 62 47 30 79 98 56 11 49 78 22 15 23 23 74 30 46 96 62 76 64 3 76 51 53 92 74 19 35 77 8 59 74 2 15 40 4 52 37 77 10 53 57 22 62 35 34 39 71 91 53 20 3 63 49 57 28 51 100 71 69 34 43 89 62 94 82 5 29 78 59 10 75 76 23 1 100 19 0 84 37 16 19 18 64 11 20 35 75 12 87
44 36 6 62 66 34 33 12 65 77 67 23 26 49 7 87 29 71 99 22 52 45 61 81 35 100 49 9 64 19 26 11 98 45 21 95 54 20 26 58 64 43 23 35 40 86 34 92 96 39 71 48 49 96 62 35 20 30 89 80 65 54 94 48 57 86 88 83 78 33 4 72 71 96 49 9 97 29 13 69 35 16 11 18 81 100 5 39 65 84 0 87 81 89 78 9 94 75 63 53 96 9
33 47 98 48 83 47 3 91 29 13 37 43 91 63 4 72 41 65 31 4 63 54 77 53 86 20 89 94 68 25 88 65 37 62 86 53 63 87 38 59 23 25 19 77 40 76 14 90 100 34 19 95 23 34 89 71 9 40 9 31 53 35 92 97 89 28 37 83 38 29 2 22 77 84 39 37 80 23 52 32 34 7 89 70 77 85 7 70 69 37 87 0 70 1 97 35 33 80 51 17 22 97
87 61 91 72 77 51 39 82 15 94 12 41 20 43 57 53 5 88 48 78 88 18 97 21 28 54 66 58 51 67 17 50 87 20 39 41 84 60 27 44 28 100 83 53 44 6 33 66 12 94 71 13 29 90 9 92 23 55 83 66 52 93 52 95 95 49 9 42 60 92 72 77 82 91 31 100 8 75 86 25 91 95 12 3 45 7 75 100 67 16 81 70 0 97 32 12 97 100 14 87 2 82
43 92 42 87 18 60 98 22 99 54 99 22 29 78 61 38 50 20 30 91 25 17 11 53 86 4 36 16 58 41 66 60 88 59 10 35 39 91 99 40 10 52 72 69 32 75 12 4 76 21 69 87 59 93 78 18 69 71 79 90 7 23 40 13 50 42 30 65 57 31 61 58 81 17 81 55 77 70 9 24 11 60 81 84 88 76 56 37 58 19 89 1 97 0 62 60 41 50 26 14 63 64
83 29 28 34 14 74 42 47 18 44 95 41 78 21 95 21 4 38 95 61 19 45 54 25 57 48 42 79 89 38 75 14 13 2 74 62 3 58 60 68 42 6 28 16 14 10 95 17 55 34 100 62 99 81 78 84 4 29 21 7 87 43 51 87 98 52 55 14 64 44 37 78 84 24 86 75 34 75 16 29 60 51 6 32 81 2 8 53 22 18 78 97 32 62 0 77 22 34 10 62 91 86
62 58 45 89 78 73 60 24 45 3 66 96 100 6 39 64 81 54 100 89 52 64 13 10 80 30 26 77 28 6 51 27 64 77 90 41 88 38 7 28 93 57 7 56 43 16 89 9 63 19 43 76 30 34 24 94 99 79 31 73 87 78 33 67 17 57 2 96 58 9 83 69 6 27 4 58 61 9 91 44 6 51 35 62 45 26 98 80 73 64 9 35 12 60 77 0 76 19 57 55 99 73
10 38 86 63 32 65 53 98 55 5 100 72 22 29 79 13 41 25 65 48 98 1 65 25 48 22 25 2 16 71 28 82 75 9 6 81 96 79 52 43 90 30 20 5 7 62 57 40 35 9 64 93 6 92 67 98 36 10 88 1 74 15 26 8 1 3 6 6 49 72 98 99 35 81 2 11 24 89 97 27 81 55 20 53 29 2 47 67 75 11 94 33 97 41 22 76 0 65 78 94 31 14
48 89 63 99 26 37 5 43 52 28 5 30 97 33 51 61 57 69 22 80 25 33 98 33 98 82 21 5 40 9 83 8 52 49 48 78 17 62 35 97 83 74 93 5 27 51 89 51 53 28 21 76 55 11 58 9 73 31 31 4 56 2 75 87 7 48 30 51 63 32 10 54 60 38 9 98 66 77 19 39 86 34 51 77 31 23 11 53 50 20 75 80 100 50 34 19 65 0 69 56 39 21
28 61 21 95 90 64 77 28 42 9 88 83 49 22 44 35 17 7 93 2 83 53 26 46 45 48 20 43 41 5 37 20 51 91 52 35 77 71 51 63 37 21 99 2 13 14 65 80 89 81 27 2 38 41 12 96 77 22 16 15 36 96 35 81 11 11 54 85 4 27 73 89 50 40 7 38 89 38 25 95 57 30 28 41 44 22 23 87 49 35 63 51 14 26 10 57 78 69 0 30 25 26
5 16 82 80 25 6 44 24 26 44 35 18 72 18 44 37 54 10 59 39 24 20 84 78 67 25 49 39 35 21 40 25 9 99 20 10 21 38 14 96 66 45 88 17 93 75 64 60 39 78 29 76 70 31 57 29 33 44 71 8 38 56 29 43 69 49 43 80 28 76 88 73 78 73 40 9 45 30 85 83 31 47 63 83 69 16 72 4 96 75 53 17 87 14 62 55 94 56 30 0 70 55
16 10 72 8 69 60 28 72 17 95 73 77 71 57 29 28 39 100 37 28 75 69 42 86 44 91 24 95 94 94 39 15 28 73 46 18 65 69 32 63 3 58 56 82 41 79 13 24 58 73 71 53 82 33 80 68 98 86 95 58 45 45 85 65 11 32 50 15 65 16 24 38 50 25 67 53 74 35 10 23 88 45 42 43 10 100 53 98 91 12 96 22 2 63 91 99 31 39 25 70 0 40
71 11 67 87 8 19 33 28 95 58 2 51 100 37 17 36 79 51 67 22 75 25 45 62 15 100 90 68 22 98 15 53 6 65 59 94 73 22 37 2 49 71 98 97 89 51 63 31 68 92 53 79 14 22 36 9 13 71 78 11 50 2 57 99 2 60 81 5 50 84 65 62 51 70 43 40 51 86 42 52 85 95 97 39 7 44 51 87 45 87 9 97 82 64 86 73 14 21 26 55 40 0
